Original array:
1 2 3 
4 5 6 
7 8 9 

Sum of all elements: 45
Maximum element: 9
Does 5 exist? Yes
Dimensions: 3x3
4-directional neighbours of cell (0, 0):
(0, 1): 2
(1, 0): 4
8-directional neighbours of cell (0, 0):
(0, 1): 2
(1, 1): 5
(1, 0): 4

After 90-degree rotation:
7 4 1 
8 5 2 
9 6 3 

After transpose:
1 4 7 
2 5 8 
3 6 9 

Matrix multiplication result:
30 36 42 
66 81 96 
102 126 150 

2D prefix sum array:
1 3 6 
5 12 21 
12 27 45 
